x y
7.000000000000000000e+02 -1.413449637623315039e+13
6.990000000000001137e+02 -1.419524627770923047e+13
6.980000000000000000e+02 -1.425634481503935742e+13
6.970000000000000000e+02 -1.431779449278628711e+13
6.960000000000000000e+02 -1.437959783713485938e+13
6.950000000000001137e+02 -1.444175739611008203e+13
6.940000000000000000e+02 -1.450427573979772070e+13
6.930000000000000000e+02 -1.456715546056746484e+13
6.920000000000001137e+02 -1.463039917329868164e+13
6.910000000000000000e+02 -1.469400951560876758e+13
6.900000000000000000e+02 -1.475798914808413477e+13
6.890000000000000000e+02 -1.482234075451394336e+13
6.880000000000000000e+02 -1.488706704212651172e+13
6.870000000000000000e+02 -1.495217074182844727e+13
6.860000000000000000e+02 -1.501765460844668164e+13
6.850000000000001137e+02 -1.508352142097322266e+13
6.840000000000000000e+02 -1.514977398281283594e+13
6.830000000000000000e+02 -1.521641512203359570e+13
6.820000000000000000e+02 -1.528344769162042578e+13
6.810000000000000000e+02 -1.535087456973158984e+13
6.800000000000000000e+02 -1.541869865995818164e+13
6.790000000000000000e+02 -1.548692289158674609e+13
6.780000000000001137e+02 -1.555555021986493359e+13
6.770000000000000000e+02 -1.562458362627034766e+13
6.760000000000000000e+02 -1.569402611878252148e+13
6.750000000000001137e+02 -1.576388073215821289e+13
6.740000000000000000e+02 -1.583415052820988672e+13
6.730000000000000000e+02 -1.590483859608752539e+13
6.720000000000000000e+02 -1.597594805256387305e+13
6.710000000000001137e+02 -1.604748204232298047e+13
6.700000000000000000e+02 -1.611944373825228125e+13
6.690000000000000000e+02 -1.619183634173810938e+13
6.680000000000001137e+02 -1.626466308296480859e+13
6.670000000000000000e+02 -1.633792722121742188e+13
6.660000000000000000e+02 -1.641163204518796289e+13
6.650000000000000000e+02 -1.648578087328549219e+13
6.640000000000001137e+02 -1.656037705394983594e+13
6.630000000000000000e+02 -1.663542396596914453e+13
6.620000000000000000e+02 -1.671092501880124414e+13
6.610000000000001137e+02 -1.678688365289898047e+13
6.600000000000000000e+02 -1.686330334003941406e+13
6.590000000000000000e+02 -1.694018758365704492e+13
6.580000000000000000e+02 -1.701753991918114258e+13
6.570000000000000000e+02 -1.709536391437712891e+13
6.560000000000000000e+02 -1.717366316969214648e+13
6.550000000000000000e+02 -1.725244131860487891e+13
6.540000000000001137e+02 -1.733170202797964648e+13
6.530000000000000000e+02 -1.741144899842481836e+13
6.520000000000000000e+02 -1.749168596465564453e+13
6.510000000000001137e+02 -1.757241669586159961e+13
6.500000000000000000e+02 -1.765364499607818359e+13
6.490000000000000000e+02 -1.773537470456333594e+13
6.480000000000000000e+02 -1.781760969617853516e+13
6.470000000000001137e+02 -1.790035388177458984e+13
6.460000000000000000e+02 -1.798361120858222266e+13
6.450000000000000000e+02 -1.806738566060745703e+13
6.440000000000001137e+02 -1.815168125903205078e+13
6.430000000000000000e+02 -1.823650206261877344e+13
6.420000000000000000e+02 -1.832185216812182031e+13
6.410000000000000000e+02 -1.840773571070235938e+13
6.400000000000000000e+02 -1.849415686434925781e+13
6.390000000000000000e+02 -1.858111984230506250e+13
6.380000000000000000e+02 -1.866862889749739844e+13
6.370000000000001137e+02 -1.875668832297573438e+13
6.360000000000000000e+02 -1.884530245235367188e+13
6.350000000000000000e+02 -1.893447566025678125e+13
6.340000000000000000e+02 -1.902421236277619141e+13
6.330000000000001137e+02 -1.911451701792780859e+13
6.320000000000000000e+02 -1.920539412611744531e+13
6.310000000000000000e+02 -1.929684823061175391e+13
6.300000000000001137e+02 -1.938888391801529297e+13
6.290000000000000000e+02 -1.948150581875355469e+13
6.280000000000000000e+02 -1.957471860756216016e+13
6.270000000000000000e+02 -1.966852700398239844e+13
6.260000000000000000e+02 -1.976293577286302734e+13
6.250000000000000000e+02 -1.985794972486848828e+13
6.240000000000000000e+02 -1.995357371699374609e+13
6.230000000000001137e+02 -2.004981265308566406e+13
6.220000000000000000e+02 -2.014667148437112891e+13
6.210000000000000000e+02 -2.024415520999195312e+13
6.200000000000001137e+02 -2.034226887754678125e+13
6.190000000000000000e+02 -2.044101758363992969e+13
6.180000000000000000e+02 -2.054040647443730859e+13
6.170000000000000000e+02 -2.064044074622971094e+13
6.160000000000001137e+02 -2.074112564600328125e+13
6.150000000000000000e+02 -2.084246647201748828e+13
6.140000000000000000e+02 -2.094446857439060938e+13
6.130000000000001137e+02 -2.104713735569291016e+13
6.120000000000000000e+02 -2.115047827154757812e+13
6.110000000000000000e+02 -2.125449683123944141e+13
6.100000000000000000e+02 -2.135919859833188672e+13
6.090000000000000000e+02 -2.146458919129169531e+13
6.080000000000000000e+02 -2.157067428412218359e+13
6.070000000000000000e+02 -2.167745960700477344e+13
6.060000000000001137e+02 -2.178495094694895312e+13
6.050000000000000000e+02 -2.189315414845087109e+13
6.040000000000000000e+02 -2.200207511416065625e+13
6.030000000000000000e+02 -2.211171980555867969e+13
6.020000000000001137e+02 -2.222209424364072656e+13
6.010000000000000000e+02 -2.233320450961235156e+13
6.000000000000000000e+02 -2.244505674559245312e+13
5.990000000000001137e+02 -2.255765715532638672e+13
5.980000000000000000e+02 -2.267101200490849219e+13
5.970000000000000000e+02 -2.278512762351435938e+13
5.960000000000001137e+02 -2.290001040414302734e+13
5.950000000000000000e+02 -2.301566680436907031e+13
5.940000000000000000e+02 -2.313210334710482031e+13
5.930000000000000000e+02 -2.324932662137303906e+13
5.920000000000001137e+02 -2.336734328308988281e+13
5.910000000000000000e+02 -2.348616005585858203e+13
5.900000000000000000e+02 -2.360578373177379688e+13
5.890000000000001137e+02 -2.372622117223709766e+13
5.880000000000000000e+02 -2.384747930878339453e+13
5.870000000000000000e+02 -2.396956514391866016e+13
5.860000000000000000e+02 -2.409248575196923047e+13
5.850000000000001137e+02 -2.421624827994262891e+13
5.840000000000000000e+02 -2.434085994840024609e+13
5.830000000000000000e+02 -2.446632805234195312e+13
5.820000000000001137e+02 -2.459265996210302344e+13
5.810000000000000000e+02 -2.471986312426332422e+13
5.800000000000000000e+02 -2.484794506256903906e+13
5.790000000000000000e+02 -2.497691337886730078e+13
5.780000000000000000e+02 -2.510677575405362891e+13
5.770000000000000000e+02 -2.523753994903255078e+13
5.760000000000000000e+02 -2.536921380569170703e+13
5.750000000000000000e+02 -2.550180524788939453e+13
5.740000000000000000e+02 -2.563532228245591406e+13
5.730000000000000000e+02 -2.576977300020905469e+13
5.720000000000001137e+02 -2.590516557698361719e+13
5.710000000000001137e+02 -2.604150827467552734e+13
5.700000000000000000e+02 -2.617880944230057812e+13
5.690000000000000000e+02 -2.631707751706803125e+13
5.680000000000001137e+02 -2.645632102546950391e+13
5.670000000000000000e+02 -2.659654858438312500e+13
5.660000000000000000e+02 -2.673776890219332031e+13
5.650000000000001137e+02 -2.687999077992660156e+13
5.640000000000000000e+02 -2.702322311240339453e+13
5.630000000000000000e+02 -2.716747488940621094e+13
5.620000000000000000e+02 -2.731275519686466406e+13
5.610000000000000000e+02 -2.745907321805726172e+13
5.600000000000000000e+02 -2.760643823483037500e+13
5.590000000000000000e+02 -2.775485962883485547e+13
5.580000000000001137e+02 -2.790434688278022266e+13
5.570000000000001137e+02 -2.805490958170703516e+13
5.560000000000000000e+02 -2.820655741427750781e+13
5.550000000000000000e+02 -2.835930017408479297e+13
5.540000000000001137e+02 -2.851314776098127734e+13
5.530000000000000000e+02 -2.866811018242603906e+13
5.520000000000000000e+02 -2.882419755485182031e+13
5.510000000000001137e+02 -2.898142010505208984e+13
5.500000000000000000e+02 -2.913978817158810547e+13
5.490000000000000000e+02 -2.929931220621658594e+13
5.480000000000000000e+02 -2.946000277533832422e+13
5.470000000000000000e+02 -2.962187056146798438e+13
5.460000000000000000e+02 -2.978492636472536719e+13
5.450000000000000000e+02 -2.994918110434883203e+13
5.440000000000000000e+02 -3.011464582023082812e+13
5.430000000000000000e+02 -3.028133167447611719e+13
5.420000000000000000e+02 -3.044924995298313672e+13
5.410000000000001137e+02 -3.061841206704869141e+13
5.400000000000001137e+02 -3.078882955499650000e+13
5.390000000000000000e+02 -3.096051408382997656e+13
5.380000000000000000e+02 -3.113347745090953906e+13
5.370000000000001137e+02 -3.130773158565510938e+13
5.360000000000000000e+02 -3.148328855127398828e+13
5.350000000000000000e+02 -3.166016054651450000e+13
5.340000000000001137e+02 -3.183835990744621484e+13
5.330000000000000000e+02 -3.201789910926674219e+13
5.320000000000000000e+02 -3.219879076813573047e+13
5.310000000000000000e+02 -3.238104764303675391e+13
5.300000000000000000e+02 -3.256468263766714844e+13
5.290000000000000000e+02 -3.274970880235650781e+13
5.280000000000000000e+02 -3.293613933601447266e+13
5.270000000000001137e+02 -3.312398758810792969e+13
5.260000000000000000e+02 -3.331326706066848438e+13
5.250000000000000000e+02 -3.350399141033043359e+13
5.240000000000000000e+02 -3.369617445040015234e+13
5.230000000000001137e+02 -3.388983015295695312e+13
5.220000000000000000e+02 -3.408497265098634375e+13
5.210000000000000000e+02 -3.428161624054597266e+13
5.200000000000001137e+02 -3.447977538296518750e+13
5.190000000000000000e+02 -3.467946470707837109e+13
5.180000000000000000e+02 -3.488069901149278125e+13
5.170000000000001137e+02 -3.508349326689184375e+13
5.160000000000000000e+02 -3.528786261837395312e+13
5.150000000000000000e+02 -3.549382238782767188e+13
5.140000000000000000e+02 -3.570138807634423438e+13
5.130000000000000000e+02 -3.591057536666746875e+13
5.120000000000000000e+02 -3.612140012568214062e+13
5.110000000000000568e+02 -3.633387840694146875e+13
5.100000000000000568e+02 -3.654802645323419531e+13
5.090000000000001137e+02 -3.676386069919215625e+13
5.080000000000000000e+02 -3.698139777393902344e+13
5.070000000000000568e+02 -3.720065450378078906e+13
5.060000000000000568e+02 -3.742164791493909375e+13
5.050000000000000000e+02 -3.764439523632780469e+13
5.040000000000000568e+02 -3.786891390237362500e+13
5.030000000000000568e+02 -3.809522155588198438e+13
5.020000000000000000e+02 -3.832333605094843750e+13
5.010000000000000000e+02 -3.855327545591659375e+13
5.000000000000000568e+02 -3.878505805638375781e+13
4.990000000000000000e+02 -3.901870235825462500e+13
4.980000000000000000e+02 -3.925422709084407031e+13
4.970000000000000568e+02 -3.949165121003028906e+13
4.960000000000000568e+02 -3.973099390145855469e+13
4.950000000000000000e+02 -3.997227458379713281e+13
4.940000000000000000e+02 -4.021551291204571875e+13
4.930000000000000568e+02 -4.046072878089808594e+13
4.920000000000001137e+02 -4.070794232815914062e+13
4.910000000000000000e+02 -4.095717393821800000e+13
4.900000000000000568e+02 -4.120844424557769531e+13
4.890000000000000568e+02 -4.146177413844300000e+13
4.880000000000000000e+02 -4.171718476236697656e+13
4.870000000000000568e+02 -4.197469752395754688e+13
4.860000000000000568e+02 -4.223433409464541406e+13
4.850000000000000000e+02 -4.249611641451403906e+13
4.840000000000000000e+02 -4.276006669619310156e+13
4.830000000000000568e+02 -4.302620742881671094e+13
4.819999999999999432e+02 -4.329456138204732812e+13
4.810000000000000000e+02 -4.356515161016667969e+13
4.800000000000000568e+02 -4.383800145623526562e+13
4.790000000000000568e+02 -4.411313455632117969e+13
4.780000000000001137e+02 -4.439057484380005469e+13
4.770000000000000000e+02 -4.467034655372721094e+13
4.760000000000000568e+02 -4.495247422728332031e+13
4.750000000000000000e+02 -4.523698271629539062e+13
4.740000000000000000e+02 -4.552389718783394531e+13
4.730000000000000568e+02 -4.581324312888817969e+13
4.720000000000000568e+02 -4.610504635112068750e+13
4.710000000000000000e+02 -4.639933299570289844e+13
4.700000000000000000e+02 -4.669612953823305469e+13
4.690000000000000568e+02 -4.699546279373841406e+13
4.680000000000000568e+02 -4.729735992176296094e+13
4.670000000000000000e+02 -4.760184843154245312e+13
4.660000000000000568e+02 -4.790895618726864844e+13
4.650000000000000000e+02 -4.821871141344423438e+13
4.640000000000000000e+02 -4.853114270033016406e+13
4.630000000000000000e+02 -4.884627900948746094e+13
4.620000000000000568e+02 -4.916414967941517969e+13
4.610000000000000568e+02 -4.948478443128636719e+13
4.600000000000000000e+02 -4.980821337478395312e+13
4.590000000000000568e+02 -5.013446701403868750e+13
4.580000000000000000e+02 -5.046357625367100000e+13
4.570000000000000568e+02 -5.079557240493877344e+13
4.560000000000000568e+02 -5.113048719199331250e+13
4.550000000000000000e+02 -5.146835275824542969e+13
4.540000000000000568e+02 -5.180920167284409375e+13
4.530000000000000000e+02 -5.215306693726970312e+13
4.520000000000000568e+02 -5.249998199204414844e+13
4.510000000000000000e+02 -5.284998072356049219e+13
4.500000000000000000e+02 -5.320309747103397656e+13
4.490000000000000568e+02 -5.355936703357739844e+13
4.480000000000000000e+02 -5.391882467740307812e+13
4.470000000000000568e+02 -5.428150614315384375e+13
4.460000000000000000e+02 -5.464744765336611719e+13
4.450000000000000568e+02 -5.501668592006706250e+13
4.440000000000000568e+02 -5.538925815250936719e+13
4.430000000000000000e+02 -5.576520206504563281e+13
4.420000000000000568e+02 -5.614455588514584375e+13
4.410000000000000000e+02 -5.652735836156063281e+13
4.400000000000000568e+02 -5.691364877263300000e+13
4.390000000000000000e+02 -5.730346693476232031e+13
4.380000000000000568e+02 -5.769685321102278906e+13
4.370000000000000568e+02 -5.809384851994045312e+13
4.360000000000000000e+02 -5.849449434443132031e+13
4.350000000000000568e+02 -5.889883274090439062e+13
4.340000000000000000e+02 -5.930690634853290625e+13
4.330000000000000568e+02 -5.971875839869711719e+13
4.320000000000000568e+02 -6.013443272460255469e+13
4.310000000000000000e+02 -6.055397377107696094e+13
4.300000000000000568e+02 -6.097742660455016406e+13
4.290000000000000000e+02 -6.140483692322043750e+13
4.280000000000000568e+02 -6.183625106741112500e+13
4.270000000000000000e+02 -6.227171603012212500e+13
4.260000000000000568e+02 -6.271127946777955469e+13
4.250000000000000568e+02 -6.315498971118870312e+13
4.240000000000000000e+02 -6.360289577669364062e+13
4.230000000000000568e+02 -6.405504737754875781e+13
4.220000000000000000e+02 -6.451149493550637500e+13
4.210000000000000568e+02 -6.497228959262466406e+13
4.200000000000000568e+02 -6.543748322330161719e+13
4.190000000000000000e+02 -6.590712844653878125e+13
4.180000000000000568e+02 -6.638127863844060156e+13
4.170000000000000000e+02 -6.685998794495409375e+13
4.160000000000000568e+02 -6.734331129485389062e+13
4.150000000000000000e+02 -6.783130441297854688e+13
4.140000000000000568e+02 -6.832402383372282812e+13
4.130000000000000568e+02 -6.882152691479239844e+13
4.120000000000000000e+02 -6.932387185122592188e+13
4.110000000000000568e+02 -6.983111768969084375e+13
4.100000000000000000e+02 -7.034332434305902344e+13
4.090000000000000568e+02 -7.086055260526768750e+13
4.080000000000000000e+02 -7.138286416647304688e+13
4.070000000000000000e+02 -7.191032162850203125e+13
4.060000000000000568e+02 -7.244298852060943750e+13
4.050000000000000000e+02 -7.298092931554728125e+13
4.040000000000000568e+02 -7.352420944595271875e+13
4.030000000000000000e+02 -7.407289532106248438e+13
4.020000000000000568e+02 -7.462705434376053125e+13
4.010000000000000568e+02 -7.518675492796682812e+13
4.000000000000000000e+02 -7.575206651637454688e+13
